15924040028
15924040030
15924040033
15924040034
15924040037
15924040086
15924040112
15924040133
15924040153
15924040182
15924040183
15924040205
15924040219
15924040242
15924040255
15924040300
15924040306
15924040318
15924040325
15924040332
15924040343
15924040351
15924040373
15924040386
15924040390
15924040401
15924040420
15924040432
15924040445
15924040458
15924040459
15924040464
15924040470
15924040504
15924040507
15924040519
15924040532
15924040538
15924040540
15924040541
15924040561
15924040576
15924040611
15924040618
15924040634
15924040639
15924040649
15924040652
15924040664
15924040705
15924040709
15924040722
15924040740
15924040758
15924040775
15924040795
15924040796
15924040832
15924040840
15924040857
15924040868
15924040901
15924040916
15924040931
15924040936
15924040945
15924040956
15924040966
15924040971
15924040997
15924041003
15924041025
15924041029
15924041043
15924041059
15924041063
15924041079
15924041080
15924041086
15924041120
15924041129
15924041148
15924041152
15924041175
15924041197
15924041216
15924041229
15924041262
15924041264
15924041290
15924041299
15924041301
15924041314
15924041344
15924041345
15924041351
15924041394
15924041397
15924041404
15924041407
15924041422
15924041460
15924041482
15924041493
15924041500
15924041504
15924041507
15924041508
15924041530
15924041541
15924041558
15924041580
15924041585
15924041599
15924041618
15924041632
15924041657
15924041664
15924041671
15924041681
15924041715
15924041716
15924041717
15924041739
15924041790
15924041800
15924041803
15924041813
15924041832
15924041846
15924041870
15924041893
15924041901
15924041911
15924041912
15924041925
15924041944
15924041945
15924041974
15924041993
15924042004
15924042012
15924042013
15924042026
15924042045
15924042056
15924042077
15924042082
15924042117
15924042122
15924042126
15924042159
15924042167
15924042191
15924042195
15924042204
15924042222
15924042226
15924042228
15924042237
15924042244
15924042257
15924042262
15924042293
15924042314
15924042319
15924042326
15924042359
15924042396
15924042402
15924042406
15924042410
15924042421
15924042422
15924042451
15924042458
15924042460
15924042480
15924042532
15924042538
15924042560
15924042572
15924042576
15924042594
15924042606
15924042615
15924042625
15924042628
15924042630
15924042650
15924042665
15924042667
15924042673
15924042689
15924042702
15924042726
15924042733
15924042761
15924042764
15924042768
15924042780
15924042781
15924042785
15924042792
15924042794
15924042796
15924042837
15924042839
15924042849
15924042897
15924042898
15924042920
15924042933
15924042951
15924042957
15924042986
15924042991
15924043061
15924043073
15924043082
15924043084
15924043086
15924043100
15924043118
15924043131
15924043160
15924043233
15924043239
15924043255
15924043277
15924043287
15924043310
15924043313
15924043318
15924043330
15924043341
15924043349
15924043354
15924043362
15924043370
15924043382
15924043392
15924043400
15924043414
15924043456
15924043480
15924043488
15924043500
15924043537
15924043565
15924043576
15924043601
15924043611
15924043630
15924043632
15924043644
15924043650
15924043653
15924043655
15924043682
15924043706
15924043709
15924043710
15924043719
15924043726
15924043732
15924043750
15924043761
15924043782
15924043786
15924043812
15924043815
15924043817
15924043822
15924043827
15924043839
15924043840
15924043867
15924043876
15924043893
15924043897
15924043920
15924043928
15924043935
15924043953
15924043977
15924043980
15924043989
15924043997
15924044000
15924044009
15924044078
15924044117
15924044138
15924044142
15924044143
15924044151
15924044158
15924044163
15924044166
15924044199
15924044208
15924044243
15924044300
15924044309
15924044319
15924044346
15924044371
15924044387
15924044416
15924044440
15924044469
15924044512
15924044531
15924044535
15924044539
15924044567
15924044595
15924044598
15924044603
15924044619
15924044626
15924044648
15924044656
15924044694
15924044699
15924044702
15924044720
15924044746
15924044756
15924044768
15924044769
15924044772
15924044774
15924044782
15924044814
15924044821
15924044826
15924044839
15924044848
15924044857
15924044887
15924044889
15924044916
15924044942
15924044965
15924044969
15924044998
15924045007
15924045014
15924045022
15924045057
15924045065
15924045073
15924045081
15924045082
15924045088
15924045097
15924045108
15924045110
15924045130
15924045132
15924045165
15924045212
15924045221
15924045255
15924045256
15924045274
15924045325
15924045329
15924045335
15924045336
15924045344
15924045360
15924045363
15924045366
15924045381
15924045390
15924045445
15924045459
15924045465
15924045513
15924045534
15924045535
15924045542
15924045560
15924045565
15924045620
15924045634
15924045649
15924045653
15924045693
15924045694
15924045695
15924045697
15924045718
15924045721
15924045725
15924045765
15924045785
15924045799
15924045828
15924045836
15924045865
15924045869
15924045884
15924045890
15924045902
15924045905
15924045925
15924045930
15924045940
15924045944
15924045947
15924045974
15924045978
15924045982
15924045989
15924046015
15924046021
15924046039
15924046068
15924046074
15924046082
15924046086
15924046096
15924046106
15924046117
15924046125
15924046131
15924046146
15924046167
15924046183
15924046199
15924046235
15924046251
15924046257
15924046259
15924046260
15924046271
15924046281
15924046285
15924046297
15924046300
15924046308
15924046352
15924046363
15924046397
15924046428
15924046466
15924046502
15924046503
15924046520
15924046532
15924046539
15924046545
15924046614
15924046616
15924046626
15924046633
15924046645
15924046651
15924046659
15924046670
15924046671
15924046677
15924046700
15924046707
15924046716
15924046719
15924046749
15924046769
15924046789
15924046801
15924046805
15924046808
15924046814
15924046821
15924046828
15924046840
15924046854
15924046872
15924046878
15924046880
15924046917
15924046920
15924046955
15924046987
15924046995
15924046997
15924047043
15924047046
15924047054
15924047070
15924047077
15924047088
15924047100
15924047117
15924047119
15924047125
15924047127
15924047149
15924047179
15924047205
15924047208
15924047212
15924047223
15924047227
15924047237
15924047242
15924047249
15924047250
15924047253
15924047254
15924047255
15924047257
15924047262
15924047268
15924047274
15924047275
15924047276
15924047282
15924047306
15924047314
15924047333
15924047336
15924047350
15924047354
15924047366
15924047371
15924047374
15924047403
15924047406
15924047409
15924047410
15924047413
15924047416
15924047419
15924047420
15924047421
15924047424
15924047431
15924047439
15924047444
15924047446
15924047449
15924047457
15924047460
15924047471
15924047482
15924047486
15924047490
15924047491
15924047493
15924047498
15924047504
15924047506
15924047522
15924047523
15924047530
15924047576
15924047585
15924047593
15924047603
15924047611
15924047635
15924047638
15924047644
15924047659
15924047666
15924047668
15924047679
15924047685
15924047686
15924047694
15924047698
15924047710
15924047755
15924047766
15924047778
15924047779
15924047780
15924047788
15924047810
15924047816
15924047820
15924047821
15924047851
15924047862
15924047864
15924047874
15924047882
15924047888
15924047893
15924047921
15924047929
15924047932
15924047933
15924047950
15924047953
15924047957
15924047974
15924047991
15924047998
15924048007
15924048009
15924048012
15924048041
15924048044
15924048052
15924048058
15924048060
15924048069
15924048087
15924048092
15924048102
15924048118
15924048130
15924048134
15924048154
15924048155
15924048191
15924048193
15924048200
15924048220
15924048263
15924048272
15924048302
15924048309
15924048319
15924048332
15924048333
15924048354
15924048355
15924048359
15924048362
15924048372
15924048375
15924048383
15924048387
15924048407
15924048414
15924048438
15924048441
15924048444
15924048447
15924048449
15924048485
15924048507
15924048508
15924048535
15924048587
15924048599
15924048619
15924048637
15924048641
15924048665
15924048688
15924048712
15924048731
15924048741
15924048751
15924048753
15924048759
15924048766
15924048777
15924048779
15924048784
15924048788
15924048790
15924048791
15924048794
15924048796
15924048803
15924048810
15924048815
15924048816
15924048826
15924048846
15924048848
15924048852
15924048868
15924048869
15924048882
15924048890
15924048908
15924048911
15924048958
15924048973
15924048989
15924049012
15924049017
15924049073
15924049082
15924049086
15924049095
15924049162
15924049183
15924049184
15924049210
15924049220
15924049295
15924049333
15924049335
15924049347
15924049358
15924049360
15924049370
15924049382
15924049422
15924049428
15924049478
15924049488
15924049500
15924049502
15924049506
15924049507
15924049525
15924049531
15924049557
15924049561
15924049562
15924049566
15924049567
15924049571
15924049572
15924049592
15924049593
15924049630
15924049650
15924049660
15924049661
15924049669
15924049684
15924049693
15924049706
15924049799
15924049838
15924049840
15924049850
15924049856
15924049868
15924049871
15924049880
15924049881
15924049930
15924049936
15924049944
15924049945
15924049983
15924049986
15924030010
15924030050
15924030071
15924030112
15924030127
15924030131
15924030150
15924030165
15924030170
15924030175
15924030203
15924030209
15924030282
15924030303
15924030308
15924030314
15924030325
15924030331
15924030334
15924030339
15924030341
15924030376
15924030387
15924030388
15924030406
15924030412
15924030419
15924030422
15924030426
15924030442
15924030451
15924030453
15924030481
15924030482
15924030506
15924030527
15924030562
15924030568
15924030570
15924030572
15924030577
15924030587
15924030601
15924030603
15924030608
15924030609
15924030612
15924030613
15924030616
15924030644
15924030652
15924030661
15924030670
15924030672
15924030679
15924030689
15924030697
15924030708
15924030721
15924030727
15924030758
15924030773
15924030799
15924030800
15924030807
15924030813
15924030819
15924030825
15924030829
15924030854
15924030875
15924030880
15924030888
15924030890
15924030899
15924030910
15924030918
15924030923
15924030926
15924030932
15924030938
15924030940
15924030947
15924030950
15924030951
15924030954
15924030976
15924030984
15924030987
15924030991
15924031026
15924031035
15924031077
15924031081
15924031095
15924031096
15924031114
15924031134
15924031137
15924031138
15924031168
15924031190
15924031202
15924031205
15924031209
15924031219
15924031230
15924031235
15924031237
15924031238
15924031249
15924031284
15924031301
15924031307
15924031309
15924031321
15924031333
15924031347
15924031348
15924031353
15924031355
15924031372
15924031375
15924031410
15924031445
15924031462
15924031467
15924031471
15924031496
15924031526
15924031527
15924031533
15924031539
15924031551
15924031578
15924031580
15924031583
15924031584
15924031588
15924031598
15924031612
15924031616
15924031617
15924031627
15924031633
15924031639
15924031653
15924031662
15924031665
15924031667
15924031682
15924031683
15924031702
15924031719
15924031757
15924031765
15924031808
15924031819
15924031846
15924031860
15924031899
15924031906
15924031934
15924031959
15924031965
15924031978
15924031982
15924031995
15924031999
15924032013
15924032021
15924032069
15924032080
15924032092
15924032101
15924032102
15924032110
15924032112
15924032120
15924032121
15924032183
15924032187
15924032227
15924032228
15924032248
15924032250
15924032262
15924032297
15924032345
15924032361
15924032365
15924032420
15924032422
15924032435
15924032437
15924032456
15924032475
15924032489
15924032495
15924032497
15924032500
15924032509
15924032518
15924032528
15924032541
15924032555
15924032565
15924032570
15924032591
15924032606
15924032608
15924032622
15924032625
15924032637
15924032638
15924032640
15924032641
15924032648
15924032692
15924032694
15924032699
15924032728
15924032731
15924032733
15924032743
15924032781
15924032785
15924032795
15924032800
15924032812
15924032835
15924032836
15924032848
15924032858
15924032917
15924032934
15924032950
15924032951
15924032952
15924032967
15924032969
15924032981
15924032989
15924032997
15924033005
15924033006
15924033008
15924033012
15924033016
15924033020
15924033042
15924033048
15924033049
15924033055
15924033071
15924033075
15924033080
15924033111
15924033115
15924033136
15924033141
15924033162
15924033175
15924033205
15924033211
15924033241
15924033244
15924033259
15924033262
15924033271
15924033274
15924033307
15924033308
15924033318
15924033323
15924033337
15924033347
15924033363
15924033378
15924033381
15924033390
15924033396
15924033398
15924033448
15924033455
15924033468
15924033500
15924033544
15924033561
15924033564
15924033580
15924033608
15924033613
15924033636
15924033641
15924033678
15924033693
15924033700
15924033736
15924033739
15924033755
15924033786
15924033797
15924033802
15924033804
15924033805
15924033819
15924033840
15924033844
15924033847
15924033852
15924033868
15924033879
15924033889
15924033893
15924033899
15924033900
15924033903
15924033934
15924033962
15924033968
15924033969
15924033981
15924033982
15924033998
15924034036
15924034062
15924034080
15924034095
15924034097
15924034098
15924034113
15924034126
15924034153
15924034173
15924034199
15924034234
15924034238
15924034282
15924034287
15924034300
15924034340
15924034348
15924034350
15924034357
15924034360
15924034361
15924034371
15924034377
15924034378
15924034390
15924034391
15924034401
15924034408
15924034438
15924034443
15924034445
15924034472
15924034484
15924034499
15924034519
15924034585
15924034589
15924034592
15924034596
15924034597
15924034607
15924034633
15924034640
15924034672
15924034690
15924034699
15924034738
15924034750
15924034768
15924034780
15924034784
15924034798
15924034845
15924034857
15924034858
15924034862
15924034895
15924034903
15924034933
15924034938
15924034944
15924034966
15924034969
15924034973
15924034993
15924035048
15924035053
15924035068
15924035091
15924035093
15924035104
15924035107
15924035125
15924035129
15924035133
15924035142
15924035148
15924035149
15924035157
15924035160
15924035170
15924035175
15924035179
15924035190
15924035193
15924035195
15924035197
15924035206
15924035207
15924035240
15924035250
15924035280
15924035292
15924035294
15924035305
15924035313
15924035320
15924035323
15924035326
15924035330
15924035353
15924035354
15924035359
15924035373
15924035395
15924035405
15924035413
15924035425
15924035472
15924035473
15924035503
15924035517
15924035526
15924035527
15924035573
15924035579
15924035591
15924035612
15924035614
15924035659
15924035677
15924035679
15924035696
15924035704
15924035706
15924035711
15924035717
15924035722
15924035723
15924035731
15924035761
15924035762
15924035763
15924035765
15924035778
15924035786
15924035790
15924035796
15924035801
15924035806
15924035845
15924035853
15924035860
15924035864
15924035894
15924035908
15924035912
15924035926
15924035927
15924035929
15924035938
15924035948
15924035960
15924035978
15924035982
15924035988
15924035992
15924035993
15924036008
15924036019
15924036032
15924036033
15924036044
15924036077
15924036099
15924036115
15924036118
15924036122
15924036126
15924036135
15924036136
15924036146
15924036151
15924036169
15924036191
15924036200
15924036203
15924036205
15924036206
15924036208
15924036210
15924036218
15924036246
15924036258
15924036269
15924036277
15924036285
15924036298
15924036302
15924036311
15924036314
15924036318
15924036326
15924036333
15924036339
15924036343
15924036363
15924036388
15924036389
15924036392
15924036396
15924036418
15924036427
15924036433
15924036438
15924036441
15924036449
15924036462
15924036473
15924036485
15924036495
15924036500
15924036503
15924036505
15924036514
15924036527
15924036529
15924036530
15924036534
15924036548
15924036557
15924036560
15924036565
15924036572
15924036586
15924036589
15924036599
15924036601
15924036603
15924036606
15924036614
15924036632
15924036651
15924036659
15924036687
15924036693
15924036697
15924036698
15924036709
15924036739
15924036749
15924036753
15924036764
15924036768
15924036799
15924036809
15924036824
15924036825
15924036833
15924036835
15924036856
15924036885
15924036891
15924036908
15924036912
15924036922
15924036932
15924036945
15924036961
15924036976
15924036987
15924036990
15924037007
15924037009
15924037020
15924037022
15924037033
15924037069
15924037103
15924037110
15924037121
15924037123
15924037127
15924037158
15924037163
15924037165
15924037182
15924037183
15924037185
15924037187
15924037198
15924037210
15924037214
15924037222
15924037242
15924037264
15924037270
15924037273
15924037278
15924037284
15924037289
15924037319
15924037323
15924037330
15924037332
15924037339
15924037345
15924037357
15924037364
15924037369
15924037371
15924037375
15924037388
15924037416
15924037429
15924037430
15924037447
15924037454
15924037469
15924037481
15924037488
15924037499
15924037526
15924037531
15924037555
15924037583
15924037586
15924037587
15924037589
15924037598
15924037624
15924037627
15924037633
15924037634
15924037650
15924037653
15924037668
15924037707
15924037714
15924037736
15924037745
15924037791
15924037799
15924037812
15924037838
15924037842
15924037852
15924037864
15924037865
15924037876
15924037893
15924037906
15924037934
15924037936
15924037939
15924037946
15924037971
15924037980
15924037998
15924038007
15924038028
15924038042
15924038046
15924038069
15924038072
15924038087
15924038096
15924038099
15924038101
15924038103
15924038133
15924038208
15924038227
15924038247
15924038255
15924038286
15924038291
15924038330
15924038331
15924038332
15924038361
15924038390
15924038419
15924038428
15924038446
15924038450
15924038461
15924038482
15924038486
15924038489
15924038490
15924038494
15924038497
15924038499
15924038500
15924038501
15924038517
15924038526
15924038530
15924038554
15924038583
15924038600
15924038617
15924038621
15924038625
15924038637
15924038650
15924038669
15924038675
15924038677
15924038681
15924038686
15924038690
15924038701
15924038709
15924038713
15924038716
15924038756
15924038760
15924038765
15924038774
15924038784
15924038788
15924038791
15924038797
15924038801
15924038806
15924038816
15924038823
15924038825
15924038864
15924038872
15924038881
15924038886
15924038887
15924038889
15924038900
15924038905
15924038912
15924038918
15924038922
15924038931
15924038940
15924038947
15924038948
15924038955
15924038962
15924038971
15924038974
15924038985
15924039026
15924039030
15924039042
15924039045
15924039055
15924039062
15924039063
15924039065
15924039106
15924039138
15924039141
15924039148
15924039151
15924039168
15924039194
15924039225
15924039242
15924039245
15924039248
15924039250
15924039265
15924039281
15924039282
15924039301
15924039309
15924039315
15924039321
15924039323
15924039328
15924039340
15924039345
15924039350
15924039353
15924039357
15924039383
15924039398
15924039411
15924039428
15924039459
15924039500
15924039505
15924039513
15924039525
15924039529
15924039541
15924039551
15924039553
15924039561
15924039596
15924039600
15924039603
15924039612
15924039616
15924039647
15924039650
15924039652
15924039655
15924039659
15924039665
15924039668
15924039679
15924039680
15924039694
15924039695
15924039720
15924039722
15924039759
15924039787
15924039791
15924039796
15924039802
15924039803
15924039814
15924039816
15924039832
15924039852
15924039863
15924039866
15924039873
15924039874
15924039887
15924039896
15924039904
15924039926
15924039936
15924039938
15924039944
15924039947
15924039953
15924039968
15924039969
15924039995
15924039996
15924020102
15924020107
15924020108
15924020121
15924020133
15924020145
15924020166
15924020184
15924020203
15924020205
15924020213
15924020220
15924020260
15924020261
15924020308
15924020341
15924020353
15924020370
15924020373
15924020375
15924020386
15924020409
15924020421
15924020481
15924020486
15924020488
15924020491
15924020499
15924020502
15924020505
15924020506
15924020513
15924020540
15924020545
15924020561
15924020572
15924020584
15924020599
15924020637
15924020646
15924020665
15924020669
15924020692
15924020701
15924020705
15924020707
15924020728
15924020733
15924020739
15924020768
15924020775
15924020787
15924020791
15924020801
15924020810
15924020817
15924020820
15924020838
15924020842
15924020845
15924020846
15924020848
15924020850
15924020853
15924020869
15924020882
15924020884
15924020886
15924020893
15924020897
15924020898
15924020899
15924020902
15924020912
15924020921
15924020934
15924020943
15924020944
15924020954
15924020963
15924020966
15924021002
15924021006
15924021007
15924021020
15924021047
15924021049
15924021052
15924021059
15924021084
15924021108
15924021134
15924021142
15924021145
15924021146
15924021147
15924021149
15924021169
15924021180
15924021183
15924021195
15924021201
15924021210
15924021216
15924021222
15924021223
15924021239
15924021240
15924021242
15924021248
15924021251
15924021258
15924021268
15924021281
15924021288
15924021295
15924021298
15924021312
15924021313
15924021318
15924021319
15924021320
15924021322
15924021335
15924021340
15924021348
15924021385
15924021388
15924021394
15924021404
15924021408
15924021412
15924021417
15924021433
15924021437
15924021440
15924021451
15924021481
15924021495
15924021500
15924021509
15924021517
15924021528
15924021550
15924021569
15924021581
15924021590
15924021597
15924021606
15924021608
15924021648
15924021650
15924021691
15924021716
15924021733
15924021753
15924021769
15924021780
15924021781
15924021810
15924021814
15924021823
15924021831
15924021835
15924021866
15924021870
15924021878
15924021880
15924021893
15924021911
15924021916
15924021923
15924021946
15924021948
15924021962
15924021963
15924021966
15924021969
15924021970
15924021985
15924021986
15924021988
15924021991
15924021992
15924022004
15924022007
15924022027
15924022028
15924022029
15924022039
15924022047
15924022053
15924022072
15924022083
15924022095
15924022102
15924022103
15924022123
15924022130
15924022178
15924022182
15924022198
15924022208
15924022224
15924022233
15924022238
15924022253
15924022259
15924022269
15924022287
15924022300
15924022301
15924022308
15924022324
15924022333
15924022339
15924022346
15924022347
15924022364
15924022372
15924022380
15924022398
15924022406
15924022413
15924022417
15924022430
15924022438
15924022440
15924022441
15924022455
15924022460
15924022467
15924022482
15924022489
15924022502
15924022506
15924022520
15924022525
15924022540
15924022546
15924022552
15924022567
15924022575
15924022586
15924022608
15924022610
15924022612
15924022617
15924022618
15924022628
15924022638
15924022642
15924022649
15924022660
15924022669
15924022670
15924022677
15924022682
15924022696
15924022701
15924022702
15924022722
15924022729
15924022738
15924022755
15924022759
15924022766
15924022776
15924022786
15924022788
15924022807
15924022811
15924022813
15924022822
15924022839
15924022881
15924022886
15924022889
15924022904
15924022911
15924022918
15924022921
15924022926
15924022937
15924022939
15924022949
15924022954
15924022955
15924022965
15924022966
15924022968
15924022971
15924022974
15924022980
15924022989
15924022996
15924022999
15924023001
15924023011
15924023023
15924023036
15924023040
15924023059
15924023072
15924023105
15924023108
15924023135
15924023153
15924023161
15924023171
15924023176
15924023181
15924023185
15924023192
15924023200
15924023213
15924023215
15924023220
15924023222
15924023230
15924023242
15924023247
15924023258
15924023260
15924023265
15924023273
15924023277
15924023283
15924023289
15924023290
15924023291
15924023294
15924023296
15924023302
15924023327
15924023337
15924023349
15924023354
15924023365
15924023367
15924023385
15924023389
15924023392
15924023420
15924023447
15924023489
15924023493
15924023495
15924023497
15924023502
15924023517
15924023532
15924023534
15924023535
15924023555
15924023574
15924023597
15924023602
15924023603
15924023604
15924023609
15924023617
15924023618
15924023626
15924023631
15924023637
15924023661
15924023686
15924023692
15924023698
15924023712
15924023739
15924023762
15924023770
15924023771
15924023772
15924023785
15924023791
15924023801
15924023813
15924023830
15924023831
15924023861
15924023868
15924023872
15924023900
15924023906
15924023929
15924023932
15924023939
15924023964
15924023989
15924023992
15924024004
15924024025
15924024027
15924024028
15924024029
15924024065
15924024089
15924024090
15924024098
15924024105
15924024117
15924024119
15924024121
15924024138
15924024144
15924024162
15924024178
15924024204
15924024215
15924024224
15924024230
15924024245
15924024253
15924024263
15924024277
15924024307
15924024319
15924024323
15924024339
15924024341
15924024365
15924024379
15924024390
15924024396
15924024399
15924024400
15924024433
15924024453
15924024458
15924024498
15924024509
15924024534
15924024535
15924024540
15924024558
15924024567
15924024570
15924024584
15924024585
15924024619
15924024629
15924024646
15924024662
15924024702
15924024724
15924024733
15924024747
15924024792
15924024797
15924024811
15924024813
15924024814
15924024819
15924024826
15924024835
15924024836
15924024849
15924024879
15924024889
15924024892
15924024895
15924024924
15924024935
15924024940
15924024960
15924025000
15924025002
15924025021
15924025025
15924025030
15924025051
15924025057
15924025086
15924025087
15924025090
15924025123
15924025133
15924025147
15924025168
15924025181
15924025191
15924025196
15924025219
15924025239
15924025248
15924025254
15924025255
15924025256
15924025278
15924025295
15924025324
15924025327
15924025332
15924025373
15924025378
15924025380
15924025385
15924025386
15924025390
15924025394
15924025396
15924025418
15924025427
15924025433
15924025456
15924025467
15924025472
15924025485
15924025494
15924025519
15924025520
15924025522
15924025537
15924025552
15924025557
15924025560
15924025567
15924025572
15924025579
15924025593
15924025597
15924025613
15924025632
15924025651
15924025653
15924025656
15924025660
15924025668
15924025676
15924025677
15924025689
15924025700
15924025712
15924025719
15924025725
15924025734
15924025736
15924025754
15924025763
15924025765
15924025766
15924025770
15924025776
15924025783
15924025803
15924025845
15924025855
15924025863
15924025885
15924025897
15924025904
15924025912
15924025916
15924025926
15924025929
15924025956
15924025961
15924025989
15924025997
15924025999
15924026001
15924026005
15924026007
15924026014
15924026015
15924026029
15924026032
15924026033
15924026042
15924026050
15924026062
15924026063
15924026068
15924026071
15924026089
15924026103
15924026116
15924026126
15924026132
15924026151
15924026157
15924026167
15924026171
15924026181
15924026211
15924026216
15924026217
15924026221
15924026225
15924026239
15924026263
15924026280
15924026289
15924026301
15924026310
15924026315
15924026316
15924026344
15924026349
15924026361
15924026372
15924026474
15924026482
15924026484
15924026488
15924026492
15924026511
15924026513
15924026522
15924026532
15924026538
15924026563
15924026566
15924026570
15924026575
15924026584
15924026594
15924026610
15924026624
15924026625
15924026626
15924026636
15924026650
15924026655
15924026661
15924026669
15924026679
15924026693
15924026697
15924026707
15924026709
15924026717
15924026721
15924026730
15924026739
15924026743
15924026744
15924026758
15924026785
15924026789
15924026801
15924026806
15924026822
15924026827
15924026829
15924026830
15924026842
15924026862
15924026872
15924026880
15924026886
15924026891
15924026892
15924026893
15924026906
15924026910
15924026914
15924026921
15924026934
15924026935
15924026958
15924026989
15924026992
15924026993
15924026994
15924026998
15924027015
15924027030
15924027032
15924027040
15924027050
15924027051
15924027056
15924027065
15924027091
15924027107
15924027112
15924027113
15924027125
15924027128
15924027131
15924027133
15924027134
15924027166
15924027168
15924027195
15924027226
15924027252
15924027281
15924027301
15924027307
15924027314
15924027322
15924027333
15924027350
15924027355
15924027358
15924027362
15924027366
15924027377
15924027378
15924027406
15924027440
15924027443
15924027449
15924027453
15924027456
15924027462
15924027493
15924027505
15924027531
15924027533
15924027540
15924027554
15924027587
15924027588
15924027599
15924027604
15924027618
15924027623
15924027627
15924027690
15924027746
15924027798
15924027802
15924027810
15924027813
15924027816
15924027885
15924027889
15924027890
15924027895
15924027897
15924027910
15924027918
15924027920
15924027926
15924027928
15924027935
15924027936
15924027947
15924027957
15924027961
15924027965
15924027985
15924027993
15924028017
15924028111
15924028126
15924028129
15924028142
15924028241
15924028249
15924028277
15924028284
15924028288
15924028293
15924028336
15924028356
15924028358
15924028366
15924028367
15924028526
15924028550
15924028576
15924028581
15924028592
15924028594
15924028621
15924028644
15924028648
15924028689
15924028709
15924028802
15924028815
15924028817
15924028826
15924028829
15924028839
15924028841
15924028861
15924028898
15924028900
15924028944
15924028954
15924028963
15924028973
15924028984
15924029001
15924029011
15924029015
15924029039
15924029074
15924029094
15924029106
15924029107
15924029132
15924029168
15924029174
15924029188
15924029199
15924029200
15924029213
15924029220
15924029226
15924029232
15924029241
15924029257
15924029259
15924029268
15924029270
15924029272
15924029280
15924029281
15924029286
15924029289
15924029297
15924029311
15924029315
15924029325
15924029341
15924029348
15924029377
15924029381
15924029382
15924029391
15924029398
15924029403
15924029423
15924029424
15924029436
15924029453
15924029457
15924029462
15924029475
15924029500
15924029510
15924029513
15924029517
15924029519
15924029522
15924029540
15924029546
15924029548
15924029564
15924029577
15924029578
15924029632
15924029637
15924029645
15924029652
15924029661
15924029665
15924029669
15924029677
15924029680
15924029688
15924029690
15924029691
15924029718
15924029732
15924029737
15924029738
15924029758
15924029782
15924029790
15924029792
15924029798
15924029799
15924029816
15924029818
15924029822
15924029827
15924029833
15924029835
15924029837
15924029840
15924029847
15924029860
15924029867
15924029868
15924029874
15924029890
15924029906
15924029927
15924029929
15924029933
15924029980
15924029983
15924029998
15924010004
15924010025
15924010034
15924010091
15924010092
15924010093
15924010103
15924010104
15924010109
15924010124
15924010137
15924010142
15924010152
15924010157
15924010160
15924010182
15924010236
15924010239
15924010250
15924010254
15924010259
15924010261
15924010277
15924010292
15924010301
15924010314
15924010331
15924010342
15924010354
15924010367
15924010385
15924010400
15924010405
15924010453
15924010462
15924010493
15924010499
15924010507
15924010509
15924010523
15924010535
15924010551
15924010581
15924010586
15924010589
15924010592
15924010604
15924010612
15924010615
15924010632
15924010642
15924010643
15924010656
15924010663
15924010669
15924010677
15924010704
15924010731
15924010746
15924010758
15924010759
15924010774
15924010799
15924010801
15924010833
15924010840
15924010847
15924010856
15924010858
15924010868
15924010872
15924010879
15924010880
15924010895
15924010902
15924010913
15924010919
15924010937
15924010943
15924010947
15924010955
15924010974
15924010989
15924010992
15924010993
15924011013
15924011028
15924011056
15924011057
15924011058
15924011061
15924011068
15924011078
15924011093
15924011108
15924011122
15924011130
15924011146
15924011150
15924011153
15924011158
15924011170
15924011174
15924011186
15924011190
15924011192
15924011195
15924011202
15924011204
15924011208
15924011209
15924011228
15924011270
15924011286
15924011296
15924011302
15924011307
15924011314
15924011321
15924011334
15924011340
15924011362
15924011366
15924011367
15924011382
15924011386
15924011387
15924011410
15924011413
15924011430
15924011431
15924011437
15924011455
15924011466
15924011491
15924011499
15924011507
15924011525
15924011585
15924011590
15924011598
15924011604
15924011612
15924011623
15924011633
15924011635
15924011639
15924011640
15924011642
15924011644
15924011647
15924011648
15924011662
15924011663
15924011666
15924011668
15924011676
15924011679
15924011706
15924011747
15924011775
15924011789
15924011805
15924011821
15924011835
15924011837
15924011839
15924011841
15924011845
15924011852
15924011869
15924011892
15924011893
15924011895
15924011902
15924011913
15924011933
15924011954
15924011958
15924011965
15924011973
15924011984
15924011999
15924012023
15924012047
15924012048
15924012063
15924012065
15924012067
15924012069
15924012121
15924012131
15924012154
15924012161
15924012171
15924012177
15924012187
15924012198
15924012199
15924012202
15924012225
15924012233
15924012237
15924012243
15924012258
15924012261
15924012275
15924012289
15924012290
15924012309
15924012326
15924012327
15924012331
15924012337
15924012370
15924012377
15924012381
15924012394
15924012405
15924012411
15924012427
15924012432
15924012456
15924012494
15924012501
15924012502
15924012503
15924012528
15924012530
15924012533
15924012540
15924012561
15924012575
15924012577
15924012594
15924012595
15924012615
15924012631
15924012632
15924012652
15924012653
15924012665
15924012672
15924012676
15924012692
15924012696
15924012699
15924012704
15924012715
15924012722
15924012723
15924012728
15924012738
15924012747
15924012757
15924012790
15924012821
15924012826
15924012828
15924012830
15924012833
15924012836
15924012851
15924012857
15924012860
15924012897
15924012914
15924012928
15924012937
15924012951
15924012955
15924012956
15924012965
15924012971
15924012972
15924012975
15924012992
15924013006
15924013007
15924013009
15924013012
15924013021
15924013027
15924013029
15924013041
15924013049
15924013058
15924013068
15924013107
15924013109
15924013111
15924013115
15924013116
15924013124
15924013145
15924013147
15924013150
15924013157
15924013166
15924013167
15924013185
15924013193
15924013205
15924013210
15924013211
15924013233
15924013244
15924013289
15924013300
15924013311
15924013319
15924013320
15924013321
15924013322
15924013345
15924013346
15924013352
15924013376
15924013380
15924013381
15924013393
15924013396
15924013403
15924013438
15924013458
15924013459
15924013474
15924013480
15924013489
15924013490
15924013494
15924013498
15924013501
15924013506
15924013507
15924013519
15924013534
15924013535
15924013539
15924013544
15924013550
15924013558
15924013559
15924013565
15924013569
15924013574
15924013581
15924013598
15924013601
15924013652
15924013671
15924013675
15924013683
15924013688
15924013696
15924013710
15924013735
15924013740
15924013750
15924013760
15924013779
15924013803
15924013811
15924013813
15924013815
15924013817
15924013825
15924013844
15924013852
15924013857
15924013863
15924013875
15924013878
15924013883
15924013917
15924013928
15924013974
15924013975
15924013976
15924013985
15924014000
15924014003
15924014032
15924014033
15924014036
15924014044
15924014046
15924014061
15924014073
15924014075
15924014077
15924014086
15924014091
15924014101
15924014102
15924014106
15924014107
15924014128
15924014131
15924014141
15924014150
15924014152
15924014162
15924014168
15924014192
15924014208
15924014209
15924014210
15924014215
15924014229
15924014236
15924014251
15924014254
15924014270
15924014284
15924014285
15924014303
15924014307
15924014311
15924014322
15924014343
15924014350
15924014352
15924014353
15924014355
15924014376
15924014419
15924014420
15924014423
15924014458
15924014463
15924014465
15924014476
15924014492
15924014508
15924014527
15924014551
15924014560
15924014561
15924014570
15924014609
15924014619
15924014665
15924014680
15924014688
15924014693
15924014736
15924014740
15924014743
15924014748
15924014789
15924014790
15924014806
15924014808
15924014810
15924014844
15924014869
15924014875
15924014890
15924014893
15924014897
15924014900
15924014908
15924014914
15924014917
15924014939
15924014949
15924014951
15924014974
15924014976
15924014983
15924014999
15924015029
15924015045
15924015081
15924015085
15924015088
15924015089
15924015097
15924015105
15924015108
15924015112
15924015119
15924015126
15924015148
15924015152
15924015155
15924015160
15924015161
15924015166
15924015173
15924015175
15924015177
15924015178
15924015180
15924015181
15924015186
15924015189
15924015195
15924015209
15924015219
15924015220
15924015230
15924015263
15924015268
15924015271
15924015286
15924015291
15924015296
15924015313
15924015317
15924015321
15924015322
15924015333
15924015336
15924015338
15924015346
15924015357
15924015374
15924015386
15924015388
15924015393
15924015403
15924015413
15924015458
15924015468
15924015476
15924015487
15924015489
15924015502
15924015504
15924015513
15924015515
15924015518
15924015527
15924015539
15924015542
15924015547
15924015548
15924015556
15924015573
15924015578
15924015580
15924015583
15924015588
15924015591
15924015595
15924015600
15924015601
15924015606
15924015625
15924015628
15924015637
15924015638
15924015644
15924015653
15924015656
15924015660
15924015663
15924015666
15924015675
15924015678
15924015685
15924015702
15924015718
15924015743
15924015750
15924015762
15924015778
15924015799
15924015815
15924015818
15924015823
15924015855
15924015867
15924015873
15924015880
15924015889
15924015891
15924015892
15924015893
15924015894
15924015899
15924015916
15924015917
15924015922
15924015925
15924015947
15924015955
15924015959
15924015970
15924015972
15924015974
15924015986
15924015995
15924016002
15924016015
15924016022
15924016027
15924016036
15924016037
15924016058
15924016066
15924016067
15924016076
15924016090
15924016096
15924016097
15924016103
15924016117
15924016126
15924016128
15924016131
15924016132
15924016133
15924016142
15924016144
15924016147
15924016155
15924016163
15924016166
15924016167
15924016174
15924016187
15924016209
15924016215
15924016222
15924016252
15924016272
15924016279
15924016281
15924016286
15924016290
15924016294
15924016303
15924016317
15924016321
15924016330
15924016347
15924016351
15924016356
15924016366
15924016387
15924016390
15924016414
15924016425
15924016444
15924016450
15924016457
15924016467
15924016471
15924016472
15924016478
15924016499
15924016500
15924016507
15924016510
15924016526
15924016563
15924016570
15924016583
15924016592
15924016594
15924016595
15924016596
15924016598
15924016604
15924016615
15924016633
15924016634
15924016641
15924016648
15924016649
15924016656
15924016691
15924016697
15924016699
15924016709
15924016719
15924016730
15924016759
15924016760
15924016776
15924016778
15924016787
15924016800
15924016805
15924016817
15924016818
15924016828
15924016832
15924016847
15924016857
15924016867
15924016868
15924016869
15924016874
15924016877
15924016881
15924016887
15924016888
15924016916
15924016921
15924016924
15924016941
15924016949
15924016954
15924016957
15924016958
15924016965
15924016993
15924016997
15924016999
15924017015
15924017028
15924017054
15924017057
15924017061
15924017074
15924017091
15924017095
15924017116
15924017118
15924017132
15924017148
15924017176
15924017187
15924017197
15924017200
15924017206
15924017214
15924017215
15924017235
15924017265
15924017270
15924017276
15924017281
15924017292
15924017293
15924017355
15924017360
15924017369
15924017390
15924017408
15924017421
15924017468
15924017498
15924017508
15924017510
15924017519
15924017531
15924017532
15924017553
15924017563
15924017589
15924017596
15924017605
15924017631
15924017643
15924017646
15924017650
15924017670
15924017687
15924017713
15924017728
15924017745
15924017753
15924017771
15924017772
15924017778
15924017786
15924017804
15924017815
15924017823
15924017827
15924017832
15924017853
15924017854
15924017870
15924017876
15924017878
15924017881
15924017886
15924017888
15924017911
15924017913
15924017919
15924017920
15924017925
15924017926
15924017927
15924017929
15924017936
15924017976
15924017982
15924017983
15924017990
15924017995
15924017996
15924018010
15924018017
15924018027
15924018045
15924018049
15924018065
15924018085
15924018087
15924018112
15924018143
15924018144
15924018147
15924018151
15924018154
15924018163
15924018168
15924018173
15924018180
15924018191
15924018212
15924018213
15924018217
15924018221
15924018225
15924018239
15924018242
15924018255
15924018275
15924018277
15924018287
15924018289
15924018301
15924018306
15924018309
15924018317
15924018330
15924018343
15924018347
15924018350
15924018388
15924018404
15924018419
15924018432
15924018455
15924018474
15924018481
15924018484
15924018489
15924018506
15924018509
15924018511
15924018516
15924018525
15924018527
15924018536
15924018551
15924018553
15924018555
15924018564
15924018565
15924018569
15924018570
15924018577
15924018581
15924018609
15924018616
15924018627
15924018653
15924018683
15924018695
15924018696
15924018699
15924018713
15924018714
15924018727
15924018748
15924018749
15924018752
15924018764
15924018775
15924018794
15924018797
15924018804
15924018809
15924018856
15924018866
15924018869
15924018880
15924018884
15924018892
15924018896
15924018925
15924018977
15924018982
15924018983
15924018984
15924018989
15924018990
15924018991
15924018992
15924018996
15924019001
15924019002
15924019035
15924019046
15924019070
15924019074
15924019085
15924019093
15924019102
15924019111
15924019131
15924019135
15924019150
15924019164
15924019178
15924019197
15924019207
15924019211
15924019222
15924019224
15924019226
15924019229
15924019239
15924019270
15924019274
15924019277
15924019287
15924019301
15924019305
15924019317
15924019320
15924019338
15924019355
15924019357
15924019364
15924019378
15924019381
15924019402
15924019416
15924019436
15924019437
15924019465
15924019467
15924019486
15924019489
15924019502
15924019507
15924019544
15924019550
15924019555
15924019561
15924019563
15924019590
15924019630
15924019639
15924019648
15924019661
15924019666
15924019667
15924019681
15924019702
15924019722
15924019725
15924019753
15924019756
15924019840
15924019855
15924019861
15924019869
15924019878
15924019883
15924019925
15924019929
15924019935
15924019962
15924019965
15924019973
15924019978
15924000001
15924000105
15924000120
15924000123
15924000126
15924000130
15924000135
15924000140
15924000151
15924000164
15924000165
15924000167
15924000169
15924000180
15924000187
15924000229
15924000232
15924000259
15924000276
15924000282
15924000295
15924000306
15924000311
15924000312
15924000313
15924000316
15924000320
15924000347
15924000370
15924000376
15924000380
15924000389
15924000395
15924000397
15924000398
15924000401
15924000406
15924000412
15924000414
15924000418
15924000424
15924000439
15924000442
15924000451
15924000458
15924000461
15924000466
15924000467
15924000491
15924000511
15924000513
15924000519
15924000534
15924000556
15924000559
15924000573
15924000581
15924000586
15924000592
15924000593
15924000602
15924000603
15924000606
15924000608
15924000609
15924000622
15924000626
15924000642
15924000649
15924000650
15924000651
15924000660
15924000672
15924000674
15924000684
15924000687
15924000690
15924000692
15924000695
15924000722
15924000735
15924000767
15924000794
15924000795
15924000810
15924000811
15924000812
15924000814
15924000824
15924000825
15924000833
15924000834
15924000836
15924000839
15924000847
15924000853
15924000867
15924000878
15924000883
15924000888
15924000889
15924000905
15924000923
15924000929
15924000936
15924000937
15924000946
15924000950
15924000959
15924000973
15924000977
15924000983
15924000987
15924000990
15924000993
15924001001
15924001010
15924001014
15924001015
15924001032
15924001041
15924001048
15924001049
15924001050
15924001059
15924001066
15924001096
15924001101
15924001106
15924001108
15924001113
15924001114
15924001117
15924001127
15924001131
15924001146
15924001153
15924001159
15924001165
15924001177
15924001201
15924001212
15924001213
15924001214
15924001220
15924001230
15924001237
15924001253
15924001259
15924001267
15924001271
15924001272
15924001278
15924001279
15924001281
15924001284
15924001293
15924001298
15924001301
15924001313
15924001315
15924001329
15924001335
15924001340
15924001341
15924001342
15924001344
15924001345
15924001347
15924001349
15924001354
15924001356
15924001362
15924001382
15924001388
15924001402
15924001408
15924001411
15924001412
15924001421
15924001427
15924001431
15924001437
15924001438
15924001440
15924001446
15924001447
15924001448
15924001468
15924001474
15924001478
15924001483
15924001486
15924001490
15924001503
15924001505
15924001506
15924001507
15924001526
15924001529
15924001531
15924001539
15924001551
15924001565
15924001582
15924001588
15924001590
15924001593
15924001594
15924001600
15924001606
15924001640
15924001647
15924001672
15924001693
15924001696
15924001699
15924001701
15924001703
15924001705
15924001722
15924001729
15924001730
15924001735
15924001742
15924001755
15924001763
15924001765
15924001766
15924001767
15924001772
15924001784
15924001785
15924001787
15924001796
15924001802
15924001811
15924001815
15924001820
15924001826
15924001827
15924001828
15924001838
15924001842
15924001853
15924001856
15924001862
15924001866
15924001875
15924001876
15924001886
15924001887
15924001894
15924001895
15924001899
15924001900
15924001905
15924001906
15924001926
15924001933
15924001949
15924001953
15924001959
15924001970
15924001976
15924001979
15924001982
15924001992
15924001995
15924002002
15924002005
15924002012
15924002020
15924002029
15924002043
15924002048
15924002050
15924002060
15924002061
15924002063
15924002065
15924002072
15924002075
15924002080
15924002098
15924002101
15924002105
15924002107
15924002108
15924002133
15924002145
15924002146
15924002159
15924002160
15924002162
15924002189
15924002191
15924002204
15924002219
15924002224
15924002239
15924002241
15924002247
15924002249
15924002261
15924002262
15924002266
15924002274
15924002282
15924002285
15924002287
15924002311
15924002319
15924002325
15924002342
15924002351
15924002361
15924002365
15924002373
15924002386
15924002391
15924002396
15924002415
15924002417
15924002422
15924002446
15924002449
15924002456
15924002458
15924002463
15924002487
15924002504
15924002507
15924002512
15924002513
15924002520
15924002521
15924002525
15924002550
15924002566
15924002583
15924002589
15924002599
15924002602
15924002612
15924002615
15924002619
15924002645
15924002650
15924002652
15924002661
15924002665
15924002668
15924002674
15924002682
15924002698
15924002701
15924002742
15924002743
15924002752
15924002755
15924002757
15924002765
15924002766
15924002768
15924002769
15924002772
15924002773
15924002779
15924002796
15924002797
15924002807
15924002817
15924002819
15924002828
15924002835
15924002850
15924002851
15924002852
15924002876
15924002877
15924002881
15924002882
15924002883
15924002884
15924002890
15924002891
15924002916
15924002917
15924002920
15924002922
15924002929
15924002934
15924002943
15924002954
15924002989
15924002996
15924002997
15924002999
15924003002
15924003008
15924003009
15924003016
15924003023
15924003026
15924003031
15924003038
15924003041
15924003052
15924003062
15924003070
15924003080
15924003082
15924003102
15924003121
15924003132
15924003163
15924003185
15924003188
15924003189
15924003192
15924003196
15924003197
15924003201
15924003209
15924003210
15924003212
15924003213
15924003219
15924003232
15924003242
15924003245
15924003249
15924003253
15924003264
15924003272
15924003277
15924003282
15924003288
15924003290
15924003292
15924003296
15924003299
15924003304
15924003306
15924003318
15924003320
15924003334
15924003344
15924003347
15924003361
15924003369
15924003375
15924003402
15924003411
15924003417
15924003431
15924003438
15924003450
15924003463
15924003466
15924003471
15924003475
15924003477
15924003504
15924003512
15924003552
15924003575
15924003582
15924003593
15924003618
15924003646
15924003652
15924003654
15924003662
15924003670
15924003671
15924003689
15924003699
15924003702
15924003704
15924003708
15924003711
15924003745
15924003760
15924003770
15924003773
15924003775
15924003782
15924003785
15924003791
15924003797
15924003801
15924003803
15924003813
15924003814
15924003815
15924003820
15924003825
15924003827
15924003839
15924003844
15924003848
15924003852
15924003854
15924003855
15924003867
15924003873
15924003888
15924003889
15924003898
15924003900
15924003902
15924003906
15924003916
15924003918
15924003919
15924003920
15924003930
15924003936
15924003946
15924003951
15924003952
15924003969
15924003975
15924003977
15924003980
15924003982
15924003988
15924003989
15924003994
15924004000
15924004001
15924004011
15924004016
15924004049
15924004055
15924004091
15924004100
15924004124
15924004129
15924004144
15924004149
15924004154
15924004156
15924004157
15924004158
15924004159
15924004168
15924004185
15924004234
15924004238
15924004291
15924004292
15924004294
15924004316
15924004322
15924004355
15924004357
15924004358
15924004360
15924004375
15924004386
15924004414
15924004423
15924004424
15924004426
15924004438
15924004466
15924004480
15924004481
15924004527
15924004534
15924004548
15924004552
15924004554
15924004564
15924004569
15924004589
15924004592
15924004604
15924004631
15924004637
15924004661
15924004678
15924004679
15924004700
15924004711
15924004713
15924004719
15924004722
15924004724
15924004730
15924004733
15924004738
15924004745
15924004758
15924004765
15924004778
15924004787
15924004799
15924004804
15924004806
15924004822
15924004826
15924004838
15924004847
15924004851
15924004855
15924004874
15924004877
15924004880
15924004881
15924004885
15924004889
15924004914
15924004945
15924004959
15924004961
15924004980
15924004991
15924004999
15924005021
15924005027
15924005034
15924005049
15924005055
15924005057
15924005067
15924005068
15924005075
15924005077
15924005080
15924005083
15924005084
15924005085
15924005091
15924005100
15924005107
15924005129
15924005133
15924005155
15924005159
15924005167
15924005170
15924005172
15924005177
15924005183
15924005191
15924005196
15924005201
15924005219
15924005240
15924005253
15924005255
15924005260
15924005265
15924005284
15924005291
15924005306
15924005309
15924005329
15924005342
15924005347
15924005355
15924005361
15924005374
15924005376
15924005379
15924005383
15924005389
15924005392
15924005400
15924005421
15924005424
15924005430
15924005434
15924005438
15924005445
15924005454
15924005473
15924005475
15924005481
15924005486
15924005501
15924005510
15924005511
15924005515
15924005518
15924005547
15924005552
15924005566
15924005567
15924005573
15924005578
15924005582
15924005583
15924005588
15924005607
15924005611
15924005627
15924005651
15924005652
15924005654
15924005660
15924005661
15924005676
15924005699
15924005701
15924005720
15924005725
15924005730
15924005736
15924005739
15924005743
15924005746
15924005753
15924005761
15924005765
15924005766
15924005781
15924005784
15924005787
15924005788
15924005797
15924005812
15924005828
15924005857
15924005861
15924005864
15924005865
15924005868
15924005870
15924005876
15924005886
15924005891
15924005899
15924005912
15924005917
15924005922
15924005926
15924005949
15924005953
15924005969
15924005977
15924005979
15924005984
15924005989
15924005991
15924006009
15924006012
15924006016
15924006026
15924006048
15924006052
15924006057
15924006072
15924006076
15924006096
15924006109
15924006110
15924006112
15924006119
15924006120
15924006123
15924006143
15924006148
15924006157
15924006159
15924006167
15924006173
15924006179
15924006191
15924006207
15924006208
15924006245
15924006257
15924006258
15924006268
15924006281
15924006298
15924006310
15924006311
15924006316
15924006331
15924006334
15924006335
15924006337
15924006342
15924006348
15924006351
15924006370
15924006371
15924006381
15924006386
15924006389
15924006411
15924006412
15924006417
15924006444
15924006467
15924006470
15924006476
15924006490
15924006506
15924006525
15924006564
15924006565
15924006568
15924006585
15924006616
15924006628
15924006630
15924006633
15924006642
15924006645
15924006652
15924006654
15924006682
15924006705
15924006709
15924006713
15924006719
15924006729
15924006733
15924006742
15924006761
15924006765
15924006773
15924006776
15924006777
15924006778
15924006784
15924006788
15924006789
15924006793
15924006807
15924006818
15924006821
15924006830
15924006835
15924006843
15924006846
15924006848
15924006884
15924006892
15924006903
15924006905
15924006934
15924006947
15924006953
15924006956
15924006962
15924006973
15924006977
15924006981
15924006989
15924006996
15924007002
15924007023
15924007025
15924007028
15924007030
15924007032
15924007050
15924007060
15924007061
15924007072
15924007075
15924007082
15924007085
15924007086
15924007090
15924007103
15924007109
15924007111
15924007122
15924007126
15924007139
15924007142
15924007147
15924007157
15924007181
15924007183
15924007194
15924007204
15924007207
15924007222
15924007255
15924007266
15924007270
15924007274
15924007280
15924007283
15924007291
15924007292
15924007293
15924007296
15924007305
15924007306
15924007317
15924007336
15924007345
15924007364
15924007366
15924007373
15924007375
15924007382
15924007393
15924007408
15924007426
15924007427
15924007429
15924007434
15924007437
15924007446
15924007462
15924007473
15924007485
15924007491
15924007499
15924007512
15924007513
15924007527
15924007532
15924007547
15924007554
15924007566
15924007578
15924007587
15924007607
15924007609
15924007611
15924007612
15924007616
15924007621
15924007622
15924007623
15924007625
15924007668
15924007669
15924007698
15924007707
15924007708
15924007710
15924007741
15924007751
15924007758
15924007772
15924007774
15924007776
15924007784
15924007788
15924007808
15924007819
15924007827
15924007833
15924007842
15924007851
15924007852
15924007857
15924007860
15924007861
15924007868
15924007877
15924007879
15924007891
15924007892
15924007907
15924007913
15924007914
15924007930
15924007950
15924007952
15924007953
15924007956
15924007962
15924007964
15924007972
15924007977
15924007984
15924007989
15924007990
15924007991
15924007997
15924007998
15924008026
15924008043
15924008049
15924008089
15924008091
15924008106
15924008116
15924008129
15924008141
15924008157
15924008159
15924008160
15924008169
15924008174
15924008183
15924008189
15924008196
15924008207
15924008209
15924008240
15924008241
15924008244
15924008246
15924008254
15924008260
15924008261
15924008268
15924008269
15924008276
15924008277
15924008278
15924008289
15924008338
15924008348
15924008352
15924008358
15924008367
15924008368
15924008380
15924008383
15924008386
15924008393
15924008405
15924008409
15924008411
15924008432
15924008435
15924008436
15924008453
15924008459
15924008471
15924008483
15924008489
15924008491
15924008497
15924008505
15924008522
15924008529
15924008535
15924008541
15924008545
15924008552
15924008557
15924008560
15924008572
15924008587
15924008590
15924008592
15924008597
15924008611
15924008614
15924008629
15924008645
15924008647
15924008650
15924008654
15924008655
15924008663
15924008677
15924008681
15924008689
15924008701
15924008706
15924008708
15924008725
15924008729
15924008731
15924008747
15924008755
15924008761
15924008778
15924008781
15924008782
15924008783
15924008787
15924008792
15924008799
15924008818
15924008820
15924008822
15924008825
15924008826
15924008829
15924008840
15924008854
15924008857
15924008858
15924008865
15924008876
15924008886
15924008900
15924008901
15924008911
15924008917
15924008922
15924008955
15924008957
15924008967
15924008976
15924008981
15924008983
15924008996
15924009008
15924009009
15924009011
15924009012
15924009013
15924009026
15924009032
15924009039
15924009040
15924009044
15924009052
15924009060
15924009067
15924009068
15924009080
15924009091
15924009096
15924009105
15924009121
15924009129
15924009145
15924009160
15924009163
15924009169
15924009170
15924009174
15924009180
15924009184
15924009199
15924009207
15924009211
15924009212
15924009216
15924009222
15924009224
15924009226
15924009229
15924009236
15924009243
15924009248
15924009257
15924009259
15924009265
15924009283
15924009287
15924009301
15924009309
15924009315
15924009322
15924009323
15924009324
15924009330
15924009331
15924009366
15924009369
15924009374
15924009383
15924009399
15924009424
15924009434
15924009435
15924009453
15924009457
15924009472
15924009485
15924009489
15924009490
15924009507
15924009514
15924009540
15924009551
15924009553
15924009561
15924009562
15924009564
15924009569
15924009580
15924009582
15924009606
15924009609
15924009612
15924009624
15924009629
15924009636
15924009639
15924009640
15924009656
15924009662
15924009667
15924009669
15924009673
15924009674
15924009683
15924009684
15924009688
15924009692
15924009695
15924009716
15924009726
15924009727
15924009740
15924009754
15924009756
15924009759
15924009766
15924009776
15924009787
15924009795
15924009797
15924009805
15924009811
15924009828
15924009845
15924009853
15924009861
15924009865
15924009866
15924009881
15924009885
15924009888
15924009892
15924009897
15924009898
15924009903
15924009904
15924009908
15924009910
15924009913
15924009916
15924009921
15924009923
15924009955
15924009979
15924009984
15924009986