1781669 579
1785749 579
1785757 579
1785758 579
1785759 579
1785763 579
1785764 579
1785765 570
1785767 580
1781665 575
1785745 575
1785750 575
1785735 572
1785760 572
1781667 577
1781668 577
1785747 577
1785748 577
1785753 577
1785754 577
1785755 577
1785756 577
1785762 577
1781660 571
1781661 571
1785730 571
1785731 571
1785732 571
1785733 571
1785734 571
1785740 571
1785741 571
1785768 571
1785769 571
1781663 574
1785737 574
1785738 574
1785739 574
1785743 574
1785744 574
1785766 574
1781662 573
1785736 573
1785742 573
1781666 576
1785746 576
1785751 576
1785752 576
1785761 576
1781664 578